1	4.0000000000000000E-003	-3.1582563939954100	0.8417436060045900	-1.2147013155057600	1.7852986844942400
2	3.9000000000000000E-003	-3.1082563939954100	0.7917436060045900	-1.1772013155057600	1.7477986844942400
3	3.8025000000000000E-003	-3.0595063939954100	0.7429936060045900	-1.1406388155057600	1.7112361844942400
4	3.7074375000000000E-003	-3.0119751439954100	0.6954623560045900	-1.1049903780057600	1.6755877469942400
5	3.6147515625000000E-003	-2.9656321752454100	0.6491193872545900	-1.0702331514432600	1.6408305204317400
6	3.5243827734375000E-003	-2.9204477807141600	0.6039349927233400	-1.0363448555448200	1.6069422245333000
7	3.4362732041015600E-003	-2.8763929960461900	0.5598802080553710	-1.0033037670438500	1.5739011360323200
8	3.3503663739990200E-003	-2.8334395809949200	0.5169267930041010	-0.9710887057553950	1.5416860747438700
9	3.2666072146490500E-003	-2.7915600013199300	0.4750472133291140	-0.9396790209991540	1.5102763899876300
10	3.1849420342828200E-003	-2.7507274111368200	0.4342146231460000	-0.9090545783618190	1.4796519473503000
11	3.1053184834257500E-003	-2.7109156357082800	0.3944028477174650	-0.8791957467904170	1.4497931157789000
12	3.0276855213401100E-003	-2.6720991546654600	0.3555863666746430	-0.8500833860083010	1.4206807549967800
13	2.9519933833066000E-003	-2.6342530856487100	0.3177402976578920	-0.8216988342457370	1.3922962032342200
14	2.8781935487239400E-003	-2.5973531683573800	0.2808403803665590	-0.7940238962772380	1.3646212652657200
15	2.8062387100058400E-003	-2.5613757489983300	0.2448629610075100	-0.7670408317579510	1.3376382007464300
16	2.7360827422556900E-003	-2.5262977651232600	0.2097849771324370	-0.7407323438516460	1.3113297128401200
17	2.6676806736993000E-003	-2.4920967308450600	0.1755839428542410	-0.7150815681429990	1.2856789371314800
18	2.6009886568568200E-003	-2.4587507224238200	0.1422379344330000	-0.6900720618270680	1.2606694308155500
19	2.5359639404354000E-003	-2.4262383642131100	0.1097255762222890	-0.6656877931690360	1.2362851621575100
20	2.4725648419245100E-003	-2.3945388149576700	0.0780260269668467	-0.6419131312274540	1.2125105002159300
21	2.4107507208764000E-003	-2.3636317544336100	0.0471189664427902	-0.6187328358344110	1.1893302048228900
22	2.3504819528544900E-003	-2.3334973704226600	0.0169845824318353	-0.5961320478261950	1.1667294168146700
23	2.2917199040331300E-003	-2.3041163460119700	-0.0123964419788458	-0.5740962795181840	1.1446936485066600
24	2.2344269064323000E-003	-2.2754698472115600	-0.0410429407792601	-0.5526114054178730	1.1232087744063500
25	2.1785662337714900E-003	-2.2475395108811600	-0.0689732771096638	-0.5316636531700710	1.1022610221585500
26	2.1241020779272100E-003	-2.2203074329590100	-0.0962053550318074	-0.5112395947284630	1.0818369637169400
27	2.0709995259790300E-003	-2.1937561569849200	-0.1227566310058980	-0.4913261377478950	1.0619235067363700
28	2.0192245378295500E-003	-2.1678686629101800	-0.1486441250806350	-0.4719105171918420	1.0425078861803200
29	1.9687439243838100E-003	-2.1426283561873200	-0.1738844318035050	-0.4529802871496900	1.0235776561381700
30	1.9195253262742200E-003	-2.1180190571325200	-0.1984937308583020	-0.4345233128585920	1.0051206818470700
31	1.8715371931173600E-003	-2.0940249905540900	-0.2224877974367300	-0.4165277629247710	0.9871251319132490
32	1.8247487632894300E-003	-2.0706307756401200	-0.2458820123506970	-0.3989821017392960	0.9695794707277740
33	1.7791300442071900E-003	-2.0478214160990000	-0.2686913718918150	-0.3818750820834570	0.9524724510719350
34	1.7346517931020100E-003	-2.0255822905464200	-0.2909304974444050	-0.3651957379190150	0.9357931069074930
35	1.6912854982744600E-003	-2.0038991431326400	-0.3126136448581800	-0.3489333773586830	0.9195307463471610
36	1.6490033608176000E-003	-1.9827580744042100	-0.3337547135866110	-0.3330775758123600	0.9036749448008380
37	1.6077782767971600E-003	-1.9621455323939900	-0.3543672555968310	-0.3176181693046950	0.8882155382931730
38	1.5675838198772300E-003	-1.9420483039340200	-0.3744644840567950	-0.3025452479597220	0.8731426169482000
39	1.5283942243803000E-003	-1.9224535061855600	-0.3940592818052610	-0.2878491496483730	0.8584465186368510
40	1.4901843687707900E-003	-1.9033485783808100	-0.4131642096100140	-0.2735204537948080	0.8441178227832860
41	1.4529297595515200E-003	-1.8847212737711700	-0.4317915142196490	-0.2595499753375810	0.8301473443260590
42	1.4166065155627300E-003	-1.8665596517767800	-0.4499531362140430	-0.2459287588417860	0.8165261278302640
43	1.3811913526736700E-003	-1.8488520703322400	-0.4676607176585780	-0.2326480727583850	0.8032454417468630
44	1.3466615688568200E-003	-1.8315871784238200	-0.4849256095669980	-0.2196994038270700	0.7902967728155480
45	1.3129950296354000E-003	-1.8147539088131100	-0.5017588791777090	-0.2070744516190370	0.7776718206075150
46	1.2801701538945200E-003	-1.7983414709426700	-0.5181713170481510	-0.1947651232162050	0.7653624922046830
47	1.2481659000471500E-003	-1.7823393440189900	-0.5341734439718330	-0.1827635280234440	0.7533608970119220
48	1.2169617525459800E-003	-1.7667372702684000	-0.5497755177224220	-0.1710619727105020	0.7416593416989800
49	1.1865377087323300E-003	-1.7515252483615700	-0.5649875396292470	-0.1596529562803830	0.7302503252688610
50	1.1568742660140200E-003	-1.7366935270024200	-0.5798192609884010	-0.1485291652610180	0.7191265342494960
51	1.1279524093636700E-003	-1.7222325986772400	-0.5942801893135760	-0.1376834690171360	0.7082808380056140
52	1.0997535991295800E-003	-1.7081331935602000	-0.6083795944306220	-0.1271089151793520	0.6977062841678300
53	1.0722597591513400E-003	-1.6943862735710800	-0.6221265144197420	-0.1167987251875120	0.6873960941759900
54	1.0454532651725500E-003	-1.6809830265816900	-0.6355297614091340	-0.1067462899454680	0.6773436589339460
55	1.0193169335432400E-003	-1.6679148607670300	-0.6485979272237900	-0.0969451655844757	0.6675425345729540
56	9.9383401020465800E-004	-1.6551733990977400	-0.6613393888930810	-0.0873890693325078	0.6579864383209860
57	9.6898815994954200E-004	-1.6427504739701800	-0.6737623140206390	-0.0780718754868391	0.6486692444753170
58	9.4476345595080300E-004	-1.6306381219708100	-0.6858746660200080	-0.0689876114873121	0.6395849804757900
59	9.2114436955203300E-004	-1.6188285787714300	-0.6976842092193940	-0.0601304540877734	0.6307278230762510
60	8.9811576031323200E-004	-1.6073142741520300	-0.7091985138387940	-0.0514947256232230	0.6220920946117010
61	8.7566286630540100E-004	-1.5960878271481100	-0.7204249608427090	-0.0430748903702865	0.6136722593587640
62	8.5377129464776600E-004	-1.5851420413192900	-0.7313707466715270	-0.0348655509986734	0.6054629199871510
63	8.3242701228157200E-004	-1.5744699001362000	-0.7420428878546240	-0.0268614451113505	0.5974588140998290
64	8.1161633697453300E-004	-1.5640645624826800	-0.7524482255081440	-0.0190574418712108	0.5896548108596890
65	7.9132592855017000E-004	-1.5539193582704900	-0.7625934297203250	-0.0114485387120745	0.5820459077005530
66	7.7154278033641500E-004	-1.5440277841636200	-0.7724850038272020	-0.0040298581319167	0.5746272271203950
67	7.5225421082800500E-004	-1.5343834994094100	-0.7821292885814080	0.0032033554337372	0.5673940135547410
68	7.3344785555730500E-004	-1.5249803217740600	-0.7915324662167580	0.0102557386602498	0.5603416303282280
69	7.1511165916837200E-004	-1.5158122235796000	-0.8007005644112240	0.0171318123060995	0.5534655566823790
70	6.9723386768916300E-004	-1.5068733278399900	-0.8096394601508290	0.0238359841108030	0.5467613848776750
71	6.7980302099693400E-004	-1.4981579044938800	-0.8183548834969430	0.0303725516203889	0.5402248173680890
72	6.6280794547201000E-004	-1.4896603667314200	-0.8268524212594050	0.0367457049422352	0.5338516640462430
73	6.4623774683521000E-004	-1.4813752674130200	-0.8351375205778050	0.0429595294310352	0.5276378395574430
74	6.3008180316433000E-004	-1.4732972955775800	-0.8432154924132450	0.0490180083076154	0.5215793606808630
75	6.1432975808522200E-004	-1.4654212730380200	-0.8510915149527990	0.0549250252122809	0.5156723437761970
76	5.9897151413309100E-004	-1.4577421510619600	-0.8587706369288650	0.0606843666943299	0.5099130022941480
77	5.8399722627976400E-004	-1.4502550071352900	-0.8662577808555280	0.0662997246393276	0.5042976443491500
78	5.6939729562277000E-004	-1.4429550418068000	-0.8735577461840250	0.0717746986357004	0.4988226703527780
79	5.5516236323220000E-004	-1.4358375756115100	-0.8806752123793100	0.0771127982821639	0.4934845707063140
80	5.4128330415139500E-004	-1.4288980460711100	-0.8876147419197120	0.0823174454374658	0.4882799235510120
81	5.2775122154761000E-004	-1.4221320047692200	-0.8943807832216050	0.0873919764138851	0.4832053925745930
82	5.1455744100892000E-004	-1.4155351144998700	-0.9009776734909500	0.0923396441158940	0.4782577248725840
83	5.0169350498369700E-004	-1.4091031464872600	-0.9074096415035610	0.0971636201253526	0.4734337488631250
84	4.8915116735910500E-004	-1.4028319776749600	-0.9136808103158580	0.1018669967345750	0.4687303722539030
85	4.7692238817512700E-004	-1.3967175880829700	-0.9197951999078460	0.1064527889285660	0.4641445800599120
86	4.6499932847074900E-004	-1.3907560582307800	-0.9257567297600360	0.1109239363177080	0.4596734326707700
87	4.5337434525898000E-004	-1.3849435666249000	-0.9315692213659200	0.1152833050221210	0.4553140639663570
88	4.4203998662750600E-004	-1.3792763873091600	-0.9372364006816570	0.1195336895089240	0.4510636794795540
89	4.3098898696181800E-004	-1.3737508874763200	-0.9427619005145010	0.1236778143835570	0.4469195546049210
90	4.2021426228777300E-004	-1.3683635251393000	-0.9481492628515240	0.1277183361363240	0.4428790328521540
91	4.0970890573057800E-004	-1.3631108468607000	-0.9534019411301210	0.1316578448452720	0.4389395241432060
92	3.9946618308731400E-004	-1.3579894855390700	-0.9585233024517530	0.1354988658364960	0.4350985031519820
93	3.8947952851013100E-004	-1.3529961582504800	-0.9635166297403450	0.1392438613029400	0.4313535076855380
94	3.7974254029737800E-004	-1.3481276641441000	-0.9683851238467210	0.1428952318827220	0.4277021371057560
95	3.7024897678994300E-004	-1.3433808823903800	-0.9731319056004380	0.1464553181980100	0.4241420507904680
96	3.6099275237019500E-004	-1.3387527701805100	-0.9777600178103130	0.1499264023554160	0.4206709666330620
97	3.5196793356094000E-004	-1.3342403607758800	-0.9822724272149400	0.1533107094088870	0.4172866595795910
98	3.4316873522191600E-004	-1.3298407616063700	-0.9866720263844520	0.1566104087860200	0.4139869602024580
99	3.3458951684136800E-004	-1.3255511524160900	-0.9909616355747260	0.1598276156787260	0.4107697533097520
100	3.2622477892033400E-004	-1.3213687834555800	-0.9951440045352430	0.1629643923991140	0.4076329765893640
101	3.1806915944732600E-004	-1.3172909737190700	-0.9992218142717470	0.1660227497014920	0.4045746192869860
102	3.1011743046114300E-004	-1.3133151092259800	-1.0031976787648400	0.1690046480713110	0.4015927209171670
103	3.0236449469961400E-004	-1.3094386413452200	-1.0070741466456000	0.1719119989818840	0.3986853700065940
104	2.9480538233212400E-004	-1.3056590851614700	-1.0108537028293500	0.1747466661196930	0.3958507028687850
105	2.8743524777382100E-004	-1.3019740178823200	-1.0145387701085000	0.1775104665790560	0.3930869024094220
106	2.8024936657947500E-004	-1.2983810772851500	-1.0181317107056700	0.1802051720269360	0.3903921969615420
107	2.7324313241498800E-004	-1.2948779602029000	-1.0216348277879200	0.1828325098386180	0.3877648591498600
108	2.6641205410461300E-004	-1.2914624210477200	-1.0250503669431000	0.1853941642050090	0.3852032047834690
109	2.5975175275199800E-004	-1.2881322703714100	-1.0283805176194100	0.1878917772122400	0.3827055917762380
110	2.5325795893319800E-004	-1.2848853734620100	-1.0316274145288100	0.1903269498942900	0.3802704190941880
111	2.4692650995986800E-004	-1.2817196489753400	-1.0347931390154800	0.1927012432592880	0.3778961257291900
112	2.4075334721087100E-004	-1.2786330676008500	-1.0378797203899700	0.1950161792901620	0.3755811896983160
113	2.3473451353060000E-004	-1.2756236507607100	-1.0408891372301100	0.1972732419202640	0.3733241270682140
114	2.2886615069233500E-004	-1.2726894693415800	-1.0438233186492400	0.1994738779846140	0.3711234910038640
115	2.2314449692502600E-004	-1.2698286424579200	-1.0466841455329000	0.2016194981473540	0.3689778708411240
116	2.1756588450190100E-004	-1.2670393362463600	-1.0494734517444600	0.2037114778060260	0.3668858911824520
117	2.1212673738935300E-004	-1.2643197626900900	-1.0521930253007300	0.2057511579732320	0.3648462110152460
118	2.0682356895461900E-004	-1.2616681784727200	-1.0548446095181000	0.2077398461362570	0.3628575228522210
119	2.0165297973075400E-004	-1.2590828838607900	-1.0574299041300300	0.2096788170952060	0.3609185518932720
120	1.9661165523748500E-004	-1.2565622216141500	-1.0599505663766700	0.2115693137801820	0.3590280552082960
121	1.9169636385654800E-004	-1.2541045759236800	-1.0624082120671400	0.2134125480480340	0.3571848209404440
122	1.8690395476013400E-004	-1.2517083713754800	-1.0648044166153400	0.2152097014591890	0.3553876675292890
123	1.8223135589113100E-004	-1.2493720719409800	-1.0671407160498400	0.2169619260350650	0.3536354429534130
124	1.7767557199385200E-004	-1.2470941799923400	-1.0694186079984800	0.2186703449965440	0.3519270239919340
125	1.7323368269400600E-004	-1.2448732353424100	-1.0716395526484100	0.2203360534839870	0.3502613155044910
126	1.6890284062665600E-004	-1.2427078143087400	-1.0738049736820800	0.2219601192592430	0.3486372497292350
127	1.6468026961099000E-004	-1.2405965288009000	-1.0759162591899200	0.2235435833901180	0.3470537855983600
128	1.6056326287071500E-004	-1.2385380254307700	-1.0779747625600500	0.2250874609177210	0.3455099080707570
129	1.5654918129894700E-004	-1.2365309846448800	-1.0799818033459400	0.2265927415071340	0.3440046274813440
130	1.5263545176647300E-004	-1.2345741198786500	-1.0819386681121700	0.2280603900818110	0.3425369789066660
131	1.4881956547231100E-004	-1.2326661767315700	-1.0838466112592500	0.2294913474421220	0.3411060215463560
132	1.4509907633550400E-004	-1.2308059321631600	-1.0857068558276600	0.2308865308684250	0.3397108381200530
133	1.4147159942711600E-004	-1.2289921937089700	-1.0875205942818500	0.2322468347090700	0.3383505342794080
134	1.3793480944143800E-004	-1.2272237987161300	-1.0892889892746900	0.2335731309537000	0.3370242380347780
135	1.3448643920540200E-004	-1.2254996135981100	-1.0910131743927100	0.2348662697922130	0.3357310991962650
136	1.3112427822526700E-004	-1.2238185331080400	-1.0926942548827800	0.2361270801597640	0.3344702888287140
137	1.2784617126963500E-004	-1.2221794796302300	-1.0943333083605900	0.2373563702681260	0.3332409987203520
138	1.2465001698789500E-004	-1.2205814024893600	-1.0959313855014600	0.2385549281237790	0.3320424408646990
139	1.2153376656319700E-004	-1.2190232772770100	-1.0974895107138100	0.2397235220330400	0.3308738469554380
140	1.1849542239911700E-004	-1.2175041051949700	-1.0990086827958500	0.2408629010945700	0.3297344678939080
141	1.1553303683913900E-004	-1.2160229124149800	-1.1004898755758400	0.2419737956795620	0.3286235733089160
142	1.1264471091816100E-004	-1.2145787494544900	-1.1019340385363300	0.2430569178999290	0.3275404510885490
143	1.0982859314520700E-004	-1.2131706905680100	-1.1033420974228100	0.2441129620647860	0.3264844069236920
144	1.0708287831657700E-004	-1.2117978331537000	-1.1047149548371200	0.2451426051255230	0.3254547638629550
145	1.0440580635866200E-004	-1.2104592971747400	-1.1060534908160800	0.2461465071097410	0.3244508618787370
146	1.0179566119969600E-004	-1.2091542245952600	-1.1073585633955600	0.2471253115443530	0.3234720574441250
147	9.9250769669703300E-005	-1.2078817788302600	-1.1086310091605600	0.2480796458681000	0.3225177231203780
148	9.6769500427960700E-005	-1.2066411442093900	-1.1098716437814300	0.2490101218337540	0.3215872471547240
149	9.4350262917261700E-005	-1.2054315254540400	-1.1110812625367800	0.2499173359002660	0.3206800330882120
150	9.1991506344330100E-005	-1.2042521471675800	-1.1122606408232500	0.2508018696151150	0.3197954993733630
151	8.9691718685721900E-005	-1.2031022533382700	-1.1134105346525500	0.2516642899870930	0.3189330790013850
152	8.7449425718578800E-005	-1.2019811068547000	-1.1145316811361200	0.2525051498497720	0.3180922191387060
153	8.5263190075614400E-005	-1.2008879890332200	-1.1156247989576000	0.2533249882158840	0.3172723807725940
154	8.3131610323724000E-005	-1.1998221991572700	-1.1166905888335500	0.2541243306228420	0.3164730383656350
155	8.1053320065630900E-005	-1.1987830540282300	-1.1177297339625900	0.2549036894696270	0.3156936795188510
156	7.9026987063990100E-005	-1.1977698875274100	-1.1187429004634200	0.2556635643452430	0.3149338046432350
157	7.7051312387390400E-005	-1.1967820501891100	-1.1197307378017200	0.2564044423489680	0.3141929266395100
158	7.5125029577705600E-005	-1.1958189087842600	-1.1206938792065600	0.2571267984025990	0.3134705705858790
159	7.3246903838263000E-005	-1.1948798459145400	-1.1216329420762800	0.2578310955548900	0.3127662734335880
160	7.1415731242306400E-005	-1.1939642596165600	-1.1225485283742600	0.2585177852783740	0.3120795837101040
161	6.9630337961248700E-005	-1.1930715629760300	-1.1234412250147900	0.2591873077587710	0.3114100612297070
162	6.7889579512217500E-005	-1.1922011837515200	-1.1243116042393000	0.2598400921771570	0.3107572768113210
163	6.6192340024412100E-005	-1.1913525640076200	-1.1251602239832000	0.2604765569850840	0.3101208120033930
164	6.4537531523801800E-005	-1.1905251597573100	-1.1259876282335100	0.2610971101728130	0.3095002588156650
165	6.2924093235706700E-005	-1.1897184406132600	-1.1267943473775600	0.2617021495308490	0.3088952194576290
166	6.1350990904814100E-005	-1.1889318894478200	-1.1275808985430000	0.2622920629049340	0.3083053060835440
167	5.9817216132193700E-005	-1.1881650020615100	-1.1283477859293100	0.2628672284446660	0.3077301405438120
168	5.8321785728888900E-005	-1.1874172868598500	-1.1290955011309700	0.2634280148459060	0.3071693541425720
169	5.6863741085666600E-005	-1.1866882645382400	-1.1298245234525800	0.2639747815871140	0.3066225874013640
170	5.5442147558525000E-005	-1.1859774677746700	-1.1305353202161500	0.2645078791597920	0.3060894898286860
171	5.4056093869561900E-005	-1.1852844409301900	-1.1312283470606300	0.2650276492931530	0.3055697196953250
172	5.2704691522822800E-005	-1.1846087397568200	-1.1319040482340000	0.2655344251731800	0.3050629438152970
173	5.1387074234752200E-005	-1.1839499311127900	-1.1325628568780300	0.2660285316562070	0.3045688373322710
174	5.0102397378883400E-005	-1.1833075926848500	-1.1332051953059700	0.2665102854771580	0.3040870835113200
175	4.8849837444411300E-005	-1.1826813127176200	-1.1338314752732000	0.2669799954525850	0.3036173735358930
176	4.7628591508301100E-005	-1.1820706897495600	-1.1344420982412600	0.2674379626786260	0.3031594063098520
177	4.6437876720593500E-005	-1.1814753323557100	-1.1350374556351100	0.2678844807240160	0.3027128882644620
178	4.5276929802578700E-005	-1.1808948588967000	-1.1356179290941200	0.2683198358182720	0.3022775331702060
179	4.4145006557514200E-005	-1.1803288972741700	-1.1361838907166500	0.2687443070351710	0.3018530619533070
180	4.3041381393576400E-005	-1.1797770846922000	-1.1367357032986200	0.2691581664716480	0.3014392025168300
181	4.1965346858736900E-005	-1.1792390674247800	-1.1372737205660400	0.2695616794222130	0.3010356895662650
182	4.0916213187268500E-005	-1.1787145005890400	-1.1377982874017800	0.2699551045490130	0.3006422644394650
183	3.9893307857586800E-005	-1.1782030479242000	-1.1383097400666200	0.2703386940476440	0.3002586749408340
184	3.8895975161147100E-005	-1.1777043815759800	-1.1388084064148400	0.2707126938088090	0.2998846751796690
185	3.7923575782118500E-005	-1.1772181818864700	-1.1392946061043500	0.2710773435759450	0.2995200254125330
186	3.6975486387565500E-005	-1.1767441371891900	-1.1397686508016300	0.2714328770989020	0.2991644918895760
187	3.6051099227876400E-005	-1.1762819436093500	-1.1402308443814700	0.2717795222837850	0.2988178467046930
188	3.5149821747179400E-005	-1.1758313048690000	-1.1406814831218200	0.2721175013390470	0.2984798676494310
189	3.4271076203500000E-005	-1.1753919320971600	-1.1411208558936600	0.2724470309179270	0.2981503380705510
190	3.3414299298412500E-005	-1.1749635436446200	-1.1415492443462000	0.2727683222573340	0.2978290467311440
191	3.2578941815952100E-005	-1.1745458649033900	-1.1419669230874300	0.2730815813132570	0.2975157876752210
192	3.1764468270553300E-005	-1.1741386281306900	-1.1423741598601300	0.2733870088927810	0.2972103600956960
193	3.0970356563789500E-005	-1.1737415722773000	-1.1427712157135200	0.2736848007828180	0.2969125682056600
194	3.0196097649694800E-005	-1.1733544428202600	-1.1431583451705600	0.2739751478756030	0.2966222211128750
195	2.9441195208452400E-005	-1.1729769915996400	-1.1435357963911800	0.2742582362910690	0.2963391326974090
196	2.8705165328241100E-005	-1.1726089766595300	-1.1439038113312900	0.2745342474961490	0.2960631214923290
197	2.7987536195035100E-005	-1.1722501620929300	-1.1442626258978900	0.2748033584211010	0.2957940105673770
198	2.7287847790159200E-005	-1.1719003178904900	-1.1446124701003300	0.2750657415729290	0.2955316274155490
199	2.6605651595405200E-005	-1.1715592197931100	-1.1449535681977100	0.2753215651459620	0.2952758038425160
200	2.5940510305520100E-005	-1.1712266491481700	-1.1452861388426500	0.2755709931296690	0.2950263758588090
201	2.5291997547882100E-005	-1.1709023927693500	-1.1456103952214700	0.2758141854137830	0.2947831835746950
202	2.4659697609185000E-005	-1.1705862428000000	-1.1459265451908200	0.2760512978907950	0.2945460710976830
203	2.4043205168955400E-005	-1.1702779965798900	-1.1462347914109300	0.2762824825558810	0.2943148864325970
204	2.3442125039731500E-005	-1.1699774565152800	-1.1465353314755400	0.2765078876043400	0.2940894813841380
205	2.2856071913738200E-005	-1.1696844299522800	-1.1468283580385400	0.2767276575265870	0.2938697114618910
206	2.2284670115894800E-005	-1.1693987290533600	-1.1471140589374600	0.2769419332007780	0.2936554357877000
207	2.1727553362997400E-005	-1.1691201706769100	-1.1473926173139100	0.2771508519831150	0.2934465170053630
208	2.1184364528922500E-005	-1.1688485762598700	-1.1476642117309500	0.2773545477958930	0.2932428211925850
209	2.0654755415699400E-005	-1.1685837717032600	-1.1479290162875600	0.2775531512133520	0.2930442177751260
210	2.0138386530306900E-005	-1.1683255872605600	-1.1481872007302600	0.2777467895453740	0.2928505794431040
211	1.9634926867049200E-005	-1.1680738574289300	-1.1484389305618900	0.2779355869190950	0.2926617820693820
212	1.9144053695373000E-005	-1.1678284208431000	-1.1486843671477200	0.2781196643584740	0.2924777046300040
213	1.8665452352988700E-005	-1.1675891201719000	-1.1489236678189200	0.2782991398618680	0.2922982291266100
214	1.8198816044164000E-005	-1.1673558020174900	-1.1491569859733300	0.2784741284776770	0.2921232405108010
215	1.7743845643059900E-005	-1.1671283168169400	-1.1493844711738800	0.2786447423780920	0.2919526266103860
216	1.7300249501983400E-005	-1.1669065187464000	-1.1496062692444200	0.2788110909309950	0.2917862780574830
217	1.6867743264433800E-005	-1.1666902656276300	-1.1498225223631900	0.2789732807700760	0.2916240882184020
218	1.6446049682822900E-005	-1.1664794188368200	-1.1500333691540000	0.2791314158631800	0.2914659531252980
219	1.6034898440752400E-005	-1.1662738432157900	-1.1502389447750300	0.2792855975789570	0.2913117714095210
220	1.5634025979733600E-005	-1.1660734069852800	-1.1504393810055400	0.2794359247518390	0.2911614442366390
221	1.5243175330240200E-005	-1.1658779816605300	-1.1506348063302900	0.2795824937453990	0.2910148752430790
222	1.4862095946984200E-005	-1.1656874419689000	-1.1508253460219200	0.2797253985141200	0.2908719704743580
223	1.4490543548309600E-005	-1.1655016657695700	-1.1510111222212600	0.2798647306636230	0.2907326383248550
224	1.4128279959601900E-005	-1.1653205339752100	-1.1511922540156100	0.2800005795093880	0.2905967894790900
225	1.3775072960611800E-005	-1.1651439304757200	-1.1513688575151000	0.2801330321340100	0.2904643368544680
226	1.3430696136596500E-005	-1.1649717420637100	-1.1515410459271100	0.2802621734430150	0.2903351955454630
227	1.3094928733181600E-005	-1.1648038583620000	-1.1517089296288200	0.2803880862192960	0.2902092827691820
228	1.2767555514852100E-005	-1.1646401717528400	-1.1518726162379800	0.2805108511761690	0.2900865178123090
229	1.2448366626980800E-005	-1.1644805773089000	-1.1520322106819200	0.2806305470091210	0.2899668219793570
230	1.2137157461306200E-005	-1.1643249727260600	-1.1521878152647600	0.2807472504462490	0.2898501185422290
231	1.1833728524773600E-005	-1.1641732582578000	-1.1523395297330200	0.2808610362974490	0.2897363326910290
232	1.1537885311654300E-005	-1.1640253366512400	-1.1524874513395800	0.2809719775023690	0.2896253914861090
233	1.1249438178862900E-005	-1.1638811130848400	-1.1526316749059800	0.2810801451771650	0.2895172238113130
234	1.0968202224391300E-005	-1.1637404951076100	-1.1527722928832100	0.2811856086600920	0.2894117603283860
235	1.0693997168781500E-005	-1.1636033925798000	-1.1529093954110200	0.2812884355559460	0.2893089334325320
236	1.0426647239562000E-005	-1.1634697176151900	-1.1530430703756300	0.2813886917794030	0.2892086772090750
237	1.0165981058573000E-005	-1.1633393845247000	-1.1531734034661200	0.2814864415972740	0.2891109273912040
238	9.9118315321086300E-006	-1.1632123097614600	-1.1533004782293600	0.2815817476696980	0.2890156213187800
239	9.6640357438059100E-006	-1.1630884118673100	-1.1534243761235100	0.2816746710903120	0.2889226978981660
240	9.4224348502107700E-006	-1.1629676114205200	-1.1535451765703000	0.2817652714254100	0.2888320975630680
241	9.1868739789555000E-006	-1.1628498309848900	-1.1536629570059300	0.2818536067521310	0.2887437622363470
242	8.9572021294816100E-006	-1.1627349950601500	-1.1537777929306700	0.2819397336956830	0.2886576352927950
243	8.7332720762445700E-006	-1.1626230300335300	-1.1538897579572900	0.2820237074656470	0.2885736615228310
244	8.5149402743384500E-006	-1.1625138641325800	-1.1539989238582400	0.2821055818913620	0.2884917870971160
245	8.3020667674799900E-006	-1.1624074273791500	-1.1541053606116700	0.2821854094564340	0.2884119595320440
246	8.0945150982929900E-006	-1.1623036515445600	-1.1542091364462600	0.2822632413323790	0.2883341276560990
247	7.8921522208356700E-006	-1.1622024701058300	-1.1543103178849900	0.2823391274114260	0.2882582415770520
248	7.6948484153147800E-006	-1.1621038182030700	-1.1544089697877500	0.2824131163384960	0.2881842526499820
249	7.5024772049319100E-006	-1.1620076325978800	-1.1545051553929400	0.2824852555423900	0.2881121134460880
250	7.3149152748086100E-006	-1.1619138516328100	-1.1545989363580100	0.2825555912661860	0.2880417777222920
251	7.1320423929383900E-006	-1.1618224151918800	-1.1546903727989400	0.2826241685968870	0.2879732003915910
252	6.9537413331149300E-006	-1.1617332646619700	-1.1547795233288500	0.2826910314943210	0.2879063374941570
253	6.7798977997870600E-006	-1.1616463428953000	-1.1548664450955200	0.2827562228193190	0.2878411461691590
254	6.6104003547923800E-006	-1.1615615941728100	-1.1549511938180100	0.2828197843611920	0.2877775846272860
255	6.4451403459225700E-006	-1.1614789641683700	-1.1550338238224500	0.2828817568645180	0.2877156121239600
256	6.2840118372745100E-006	-1.1613983999140500	-1.1551143880767700	0.2829421800552610	0.2876551889332170
257	6.1269115413426500E-006	-1.1613198497660800	-1.1551929382247400	0.2830010926662350	0.2875962763222420
258	5.9737387528090800E-006	-1.1612432633718100	-1.1552695246190100	0.2830585324619360	0.2875388365265420
259	5.8243952839888500E-006	-1.1611685916374000	-1.1553441963534200	0.2831145362627430	0.2874828327257350
260	5.6787854018891300E-006	-1.1610957866963500	-1.1554170012944700	0.2831691399685310	0.2874282290199470
261	5.5368157668419000E-006	-1.1610248018788300	-1.1554879861119900	0.2832223785816730	0.2873749904068050
262	5.3983953726708600E-006	-1.1609555916817500	-1.1555571963090700	0.2832742862294870	0.2873230827589910
263	5.2634354883540800E-006	-1.1608881117395900	-1.1556246762512300	0.2833248961861060	0.2872724728023720
264	5.1318496011452300E-006	-1.1608223187959800	-1.1556904691948400	0.2833742408938090	0.2872231280946680
265	5.0035533611166000E-006	-1.1607581706759700	-1.1557546173148500	0.2834223519838200	0.2871750170046580
266	4.8784645270886900E-006	-1.1606956262589500	-1.1558171617318700	0.2834692602965810	0.2871281086918970
267	4.7565029139114700E-006	-1.1606346454523700	-1.1558781425384500	0.2835149959015220	0.2870823730869560
268	4.6375903410636800E-006	-1.1605751891659400	-1.1559375988248800	0.2835595881163400	0.2870377808721380
269	4.5216505825370900E-006	-1.1605172192866800	-1.1559955687041400	0.2836030655257880	0.2869943034626900
270	4.4086093179736600E-006	-1.1604606986544000	-1.1560520893364200	0.2836454559999990	0.2869519129884790
271	4.2983940850243200E-006	-1.1604055910379200	-1.1561071969529000	0.2836867867123550	0.2869105822761230
272	4.1909342328987100E-006	-1.1603518611118600	-1.1561609268789600	0.2837270841569020	0.2868702848315760
273	4.0861608770762500E-006	-1.1602994744339500	-1.1562133135568700	0.2837663741653350	0.2868309948231430
274	3.9840068551493400E-006	-1.1602483974229800	-1.1562643905678400	0.2838046819235580	0.2867926870649200
275	3.8844066837706100E-006	-1.1601985973373000	-1.1563141906535200	0.2838420319878250	0.2867553370006530
276	3.7872965166763400E-006	-1.1601500422537500	-1.1563627457370700	0.2838784483004850	0.2867189206879930
277	3.6926141037594300E-006	-1.1601027010472900	-1.1564100869435300	0.2839139542053290	0.2866834147831490
278	3.6002987511654500E-006	-1.1600565433709900	-1.1564562446198300	0.2839485724625520	0.2866487965259260
279	3.5102912823863100E-006	-1.1600115396366000	-1.1565012483542200	0.2839823252633440	0.2866150437251340
280	3.4225340003266500E-006	-1.1599676609955700	-1.1565451269952500	0.2840152342441160	0.2865821347443610
281	3.3369706503184900E-006	-1.1599248793205700	-1.1565879086702500	0.2840473205003700	0.2865500484881080
282	3.2535463840605200E-006	-1.1598831671874400	-1.1566296208033800	0.2840786046002160	0.2865187643882620
283	3.1722077244590100E-006	-1.1598424978576400	-1.1566702901331800	0.2841091065975670	0.2864882623909110
284	3.0929025313475400E-006	-1.1598028452610800	-1.1567099427297400	0.2841388460449840	0.2864585229434940
285	3.0155799680638500E-006	-1.1597641839794400	-1.1567486040113800	0.2841678420062150	0.2864295269822630
286	2.9401904688622500E-006	-1.1597264892298400	-1.1567862987609800	0.2841961130684160	0.2864012559200620
287	2.8666857071406900E-006	-1.1596897368489800	-1.1568230511418400	0.2842236773540610	0.2863736916344170
288	2.7950185644621800E-006	-1.1596539032776400	-1.1568588847131800	0.2842505525325660	0.2863468164559120
289	2.7251431003506200E-006	-1.1596189655455900	-1.1568938224452300	0.2842767558316080	0.2863206131568700
290	2.6570145228418600E-006	-1.1595849012568300	-1.1569278867339900	0.2843023040481730	0.2862950649403050
291	2.5905891597708100E-006	-1.1595516885753000	-1.1569610994155200	0.2843272135593250	0.2862701554291530
292	2.5258244307765400E-006	-1.1595193062108000	-1.1569934817800200	0.2843515003326980	0.2862458686557800
293	2.4626788200071300E-006	-1.1594877334054100	-1.1570250545854100	0.2843751799367360	0.2862221890517420
294	2.4011118495069500E-006	-1.1594569499201600	-1.1570558380706600	0.2843982675506740	0.2861991014378040
295	2.3410840532692700E-006	-1.1594269360220400	-1.1570858519687800	0.2844207779742630	0.2861765910142150
296	2.2825569519375400E-006	-1.1593976724713800	-1.1571151155194400	0.2844427256372620	0.2861546433512160
297	2.2254930281391000E-006	-1.1593691405094800	-1.1571436474813400	0.2844641246086870	0.2861332443797910
298	2.1698557024356300E-006	-1.1593413218466300	-1.1571714661441900	0.2844849886058260	0.2861123803826520
299	2.1156093098747300E-006	-1.1593141986503500	-1.1571985893404700	0.2845053310030360	0.2860920379854420
300	2.0627190771278700E-006	-1.1592877535339700	-1.1572250344568500	0.2845251648403160	0.2860722041481620
301	2.0111511001996700E-006	-1.1592619695455100	-1.1572508184453100	0.2845445028316640	0.2860528661568140
302	1.9608723226946800E-006	-1.1592368301567600	-1.1572759578340600	0.2845633573732280	0.2860340116152490
303	1.9118505146273100E-006	-1.1592123192527200	-1.1573004687381000	0.2845817405512540	0.2860156284372240
304	1.8640542517616300E-006	-1.1591884211212900	-1.1573243668695300	0.2845996641498280	0.2859977048386500
305	1.8174528954675900E-006	-1.1591651204431400	-1.1573476675476800	0.2846171396584390	0.2859802293300390
306	1.7720165730809000E-006	-1.1591424022819500	-1.1573703857088700	0.2846341782793340	0.2859631907091440
307	1.7277161587538800E-006	-1.1591202520747900	-1.1573925359160300	0.2846507909347060	0.2859465780537720
308	1.6845232547850300E-006	-1.1590986556228000	-1.1574141323680200	0.2846669882736950	0.2859303807147830
309	1.6424101734154000E-006	-1.1590775990821200	-1.1574351889087000	0.2846827806792080	0.2859145883092700
310	1.6013499190800200E-006	-1.1590570689549500	-1.1574557190358700	0.2846981782745840	0.2858991907138940
311	1.5613161711030200E-006	-1.1590370520809600	-1.1574757359098600	0.2847131909300750	0.2858841780584030
312	1.5222832668254400E-006	-1.1590175356288200	-1.1574952523620000	0.2847278282691790	0.2858695407192980
313	1.4842261851548100E-006	-1.1589985070879900	-1.1575142809028300	0.2847420996748060	0.2858552693136720
314	1.4471205305259400E-006	-1.1589799542606700	-1.1575328337301500	0.2847560142952920	0.2858413546931860
315	1.4109425172627900E-006	-1.1589618652540400	-1.1575509227367800	0.2847695810502650	0.2858277879382130
316	1.3756689543312200E-006	-1.1589442284725800	-1.1575685595182400	0.2847828086363650	0.2858145603521130
317	1.3412772304729400E-006	-1.1589270326106500	-1.1575857553801700	0.2847957055328120	0.2858016634556660
318	1.3077452997111100E-006	-1.1589102666452700	-1.1576025213455500	0.2848082800068470	0.2857890889816310
319	1.2750516672183400E-006	-1.1588939198290200	-1.1576188681618000	0.2848205401190320	0.2857768288694460
320	1.2431753755378800E-006	-1.1588779816831800	-1.1576348063076400	0.2848324937284120	0.2857648752600660
321	1.2120959911494300E-006	-1.1588624419909800	-1.1576503459998400	0.2848441484975580	0.2857532204909200
322	1.1817935913706900E-006	-1.1588472907911000	-1.1576654971997200	0.2848555118974750	0.2857418570910030
323	1.1522487515864300E-006	-1.1588325183712000	-1.1576802696196200	0.2848665912123940	0.2857307777760840
324	1.1234425327967700E-006	-1.1588181152618100	-1.1576946727290100	0.2848773935444400	0.2857199754440380
325	1.0953564694768500E-006	-1.1588040722301500	-1.1577087157606700	0.2848879258181850	0.2857094431702930
326	1.0679725577399300E-006	-1.1587903802742800	-1.1577224077165400	0.2848981947850870	0.2856991742033910
327	1.0412732437964300E-006	-1.1587770306173100	-1.1577357573735100	0.2849082070278150	0.2856891619606630
328	1.0152414127015200E-006	-1.1587640147017600	-1.1577487732890600	0.2849179689644760	0.2856794000240020
329	9.8986037738397900E-007	-1.1587513241841000	-1.1577614638067200	0.2849274868527200	0.2856698821357580
330	9.6511386794937900E-007	-1.1587389509293800	-1.1577738370614400	0.2849367667937580	0.2856606021947200
331	9.4098602125064500E-007	-1.1587268870060400	-1.1577859009847800	0.2849458147362700	0.2856515542522080
332	9.1746137071937900E-007	-1.1587151246807700	-1.1577976633100500	0.2849546364802190	0.2856427325082590
333	8.9452483645139400E-007	-1.1587036564136400	-1.1578091315771800	0.2849632376805700	0.2856341313079080
334	8.7216171554010900E-007	-1.1586924748531800	-1.1578203131376400	0.2849716238509110	0.2856257451375670
335	8.5035767265160700E-007	-1.1586815728317400	-1.1578312151590800	0.2849798003669950	0.2856175686214830
336	8.2909873083531600E-007	-1.1586709433608300	-1.1578418446299900	0.2849877724701760	0.2856095965183020
337	8.0837126256443400E-007	-1.1586605796266900	-1.1578522083641300	0.2849955452707770	0.2856018237177010
338	7.8816198100032300E-007	-1.1586504749859100	-1.1578623130049100	0.2850031237513640	0.2855942452371140
339	7.6845793147531500E-007	-1.1586406229611500	-1.1578721650296700	0.2850105127699360	0.2855868562185420
340	7.4924648318843200E-007	-1.1586310172370000	-1.1578817707538200	0.2850177170630430	0.2855796519254350
341	7.3051532110872100E-007	-1.1586216516559600	-1.1578911363348600	0.2850247412488230	0.2855726277396550
342	7.1225243808100300E-007	-1.1586125202144500	-1.1579002677763700	0.2850315898299590	0.2855657791585190
343	6.9444612712897800E-007	-1.1586036170589700	-1.1579091709318500	0.2850382671965660	0.2855591017919120
344	6.7708497395075400E-007	-1.1585949364823900	-1.1579178515084300	0.2850447776290070	0.2855525913594710
345	6.6015784960198500E-007	-1.1585864729202100	-1.1579263150706100	0.2850511253006380	0.2855462436878400
346	6.4365390336193500E-007	-1.1585782209470900	-1.1579345670437300	0.2850573142804780	0.2855400547080000
347	6.2756255577788700E-007	-1.1585701752733000	-1.1579426127175200	0.2850633485358220	0.2855340204526560
348	6.1187349188344000E-007	-1.1585623307413500	-1.1579504572494700	0.2850692319347830	0.2855281370536950
349	5.9657665458635400E-007	-1.1585546823227000	-1.1579581056681200	0.2850749682487690	0.2855224007397090
350	5.8166223822169500E-007	-1.1585472251145200	-1.1579655628763000	0.2850805611549060	0.2855168078335720
351	5.6712068226615200E-007	-1.1585399543365400	-1.1579728336542800	0.2850860142383890	0.2855113547500890
352	5.5294266520949900E-007	-1.1585328653280100	-1.1579799226628100	0.2850913309947850	0.2855060379936930
353	5.3911909857926100E-007	-1.1585259535447000	-1.1579868344461200	0.2850965148322720	0.2855008541562060
354	5.2564112111478000E-007	-1.1585192145559700	-1.1579935734348500	0.2851015690738210	0.2854957999146570
355	5.1250009308691000E-007	-1.1585126440419500	-1.1580001439488700	0.2851064969593310	0.2854908720291470
356	4.9968759075973700E-007	-1.1585062377907900	-1.1580065502000300	0.2851113016477040	0.2854860673407740
357	4.8719540099074400E-007	-1.1584999916959100	-1.1580127962949100	0.2851159862188670	0.2854813827696110
358	4.7501551596597500E-007	-1.1584939017533900	-1.1580188862374300	0.2851205536757520	0.2854768153127260
359	4.6314012806682600E-007	-1.1584879640594400	-1.1580248239313800	0.2851250069462140	0.2854723620422640
360	4.5156162486515500E-007	-1.1584821748078400	-1.1580306131829800	0.2851293488849150	0.2854680201035630
361	4.4027258424352600E-007	-1.1584765302875300	-1.1580362577032900	0.2851335822751480	0.2854637867133300
362	4.2926576963743800E-007	-1.1584710268802300	-1.1580417611105900	0.2851377098306250	0.2854596591578530
363	4.1853412539650200E-007	-1.1584656610581100	-1.1580471269327100	0.2851417341972150	0.2854556347912630
364	4.0807077226159000E-007	-1.1584604293815400	-1.1580523586092800	0.2851456579546410	0.2854517110338370
365	3.9786900295505000E-007	-1.1584553284968900	-1.1580574594939300	0.2851494836181310	0.2854478853703470
366	3.8792227788117400E-007	-1.1584503551343500	-1.1580624328564700	0.2851532136400340	0.2854441553484440
367	3.7822422093414400E-007	-1.1584455061058800	-1.1580672818849400	0.2851568504113890	0.2854405185770890
368	3.6876861541079100E-007	-1.1584407783031200	-1.1580720096877000	0.2851603962634600	0.2854369727250180
369	3.5954940002552100E-007	-1.1584361686954200	-1.1580766192954000	0.2851638534692290	0.2854335155192490
370	3.5056066502488300E-007	-1.1584316743279200	-1.1580811136629000	0.2851672242448550	0.2854301447436230
371	3.4179664839926100E-007	-1.1584272923196100	-1.1580854956712100	0.2851705107510890	0.2854268582373890
372	3.3325173218927900E-007	-1.1584230198615000	-1.1580897681293200	0.2851737150946680	0.2854236538938100
373	3.2492043888454700E-007	-1.1584188542148500	-1.1580939337759700	0.2851768393296570	0.2854205296588210
374	3.1679742791243400E-007	-1.1584147927093700	-1.1580979952814500	0.2851798854587720	0.2854174835297060
375	3.0887749221462300E-007	-1.1584108327415200	-1.1581019552493000	0.2851828554346590	0.2854145135538190
376	3.0115555490925700E-007	-1.1584069717728600	-1.1581058162179600	0.2851857511611480	0.2854116178273300
377	2.9362666603652600E-007	-1.1584032073284300	-1.1581095806623900	0.2851885744944750	0.2854087944940030
378	2.8628599938561300E-007	-1.1583995369951000	-1.1581132509957200	0.2851913272444690	0.2854060417440090
379	2.7912884940097200E-007	-1.1583959584201100	-1.1581168295707100	0.2851940111757140	0.2854033578127640
380	2.7215062816594800E-007	-1.1583924693094900	-1.1581203186813300	0.2851966280086770	0.2854007409798010
381	2.6534686246179900E-007	-1.1583890674266400	-1.1581237205641800	0.2851991794208160	0.2853981895676620
382	2.5871319090025400E-007	-1.1583857505908600	-1.1581270373999600	0.2852016670476510	0.2853957019408270
383	2.5224536112774800E-007	-1.1583825166759700	-1.1581302713148500	0.2852040924838160	0.2853932765046620
384	2.4593922709955400E-007	-1.1583793636089600	-1.1581334243818600	0.2852064572840770	0.2853909117044010
385	2.3979074642206500E-007	-1.1583762893686200	-1.1581364986222000	0.2852087629643310	0.2853886060241470
386	2.3379597776151400E-007	-1.1583732919842900	-1.1581394960065300	0.2852110110025780	0.2853863579859000
387	2.2795107831747600E-007	-1.1583703695345700	-1.1581424184562500	0.2852132028398700	0.2853841661486080
388	2.2225230135953900E-007	-1.1583675201460900	-1.1581452678447300	0.2852153398812290	0.2853820291072490
389	2.1669599382555000E-007	-1.1583647419923200	-1.1581480459985000	0.2852174234965540	0.2853799454919240
390	2.1127859397991200E-007	-1.1583620332924000	-1.1581507546984200	0.2852194550214960	0.2853779139669810
391	2.0599662913041400E-007	-1.1583593923099800	-1.1581533956808400	0.2852214357583150	0.2853759332301630
392	2.0084671340215400E-007	-1.1583568173521100	-1.1581559706387100	0.2852233669767130	0.2853740020117650
393	1.9582554556710000E-007	-1.1583543067681900	-1.1581584812226300	0.2852252499146510	0.2853721190738270
394	1.9092990692792200E-007	-1.1583518589488700	-1.1581609290419500	0.2852270857791410	0.2853702832093370
395	1.8615665925472400E-007	-1.1583494723250400	-1.1581633156657800	0.2852288757470180	0.2853684932414600
396	1.8150274277335600E-007	-1.1583471453668000	-1.1581656426240200	0.2852306209656990	0.2853667480227790
397	1.7696517420402200E-007	-1.1583448765825100	-1.1581679114083100	0.2852323225539120	0.2853650464345650
398	1.7254104484892200E-007	-1.1583426645178300	-1.1581701234729900	0.2852339816024210	0.2853633873860570
399	1.6822751872769900E-007	-1.1583405077547700	-1.1581722802360500	0.2852355991747160	0.2853617698137620
400	1.6402183075950600E-007	-1.1583384049107900	-1.1581743830800300	0.2852371763077040	0.2853601926807740
401	1.5992128499051800E-007	-1.1583363546379100	-1.1581764333529100	0.2852387140123680	0.2853586549761100
402	1.5592325286575500E-007	-1.1583343556218400	-1.1581784323689800	0.2852402132744140	0.2853571557140640
403	1.5202517154411200E-007	-1.1583324065811800	-1.1581803814096400	0.2852416750549100	0.2853556939335680
404	1.4822454225550900E-007	-1.1583305062665400	-1.1581822817242800	0.2852431002908930	0.2853542686975850
405	1.4451892869912100E-007	-1.1583286534597600	-1.1581841345310600	0.2852444898959770	0.2853528790925010
406	1.4090595548164300E-007	-1.1583268469731500	-1.1581859410176700	0.2852458447609330	0.2853515242275450
407	1.3738330659460200E-007	-1.1583250856487100	-1.1581877023421100	0.2852471657542660	0.2853502032342120
408	1.3394872392973700E-007	-1.1583233683573700	-1.1581894196334500	0.2852484537227650	0.2853489152657130
409	1.3060000583149300E-007	-1.1583216939983300	-1.1581910939924900	0.2852497094920520	0.2853476594964260
410	1.2733500568570600E-007	-1.1583200614982500	-1.1581927264925700	0.2852509338671070	0.2853464351213710
411	1.2415163054356300E-007	-1.1583184698106800	-1.1581943181801400	0.2852521276327850	0.2853452413556930
412	1.2104783977997400E-007	-1.1583169179153000	-1.1581958700755200	0.2852532915543210	0.2853440774341560
413	1.1802164378547500E-007	-1.1583154048173000	-1.1581973831735200	0.2852544263778190	0.2853429426106590
414	1.1507110269083800E-007	-1.1583139295467600	-1.1581988584440600	0.2852555328307300	0.2853418361577480
415	1.1219432512356700E-007	-1.1583124911579700	-1.1582002968328500	0.2852566116223180	0.2853407573661600
416	1.0938946699547800E-007	-1.1583110887289100	-1.1582016992619100	0.2852576634441160	0.2853397055443620
417	1.0665473032059100E-007	-1.1583097213605700	-1.1582030666302500	0.2852586889703690	0.2853386800181090
418	1.0398836206257600E-007	-1.1583083881764400	-1.1582043998143800	0.2852596888584660	0.2853376801300120
419	1.0138865301101200E-007	-1.1583070883219200	-1.1582056996689000	0.2852606637493600	0.2853367052391180
420	9.8853936685736500E-008	-1.1583058209637500	-1.1582069670270700	0.2852616142679820	0.2853357547204960
421	9.6382588268593100E-008	-1.1583045852895400	-1.1582082027012800	0.2852625410236380	0.2853348279648400
422	9.3973023561878300E-008	-1.1583033805071900	-1.1582094074836300	0.2852634446104030	0.2853339243780750
423	9.1623697972831300E-008	-1.1583022058444000	-1.1582105821464200	0.2852643256074990	0.2853330433809790
424	8.9333105523510500E-008	-1.1583010605481700	-1.1582117274426500	0.2852651845796680	0.2853321844088100
425	8.7099777885422800E-008	-1.1582999438843500	-1.1582128441064700	0.2852660220775320	0.2853313469109460
426	8.4922283438287200E-008	-1.1582988551371300	-1.1582139328536900	0.2852668386379500	0.2853305303505280
427	8.2799226352330000E-008	-1.1582977936085900	-1.1582149943822300	0.2852676347843570	0.2853297342041210
428	8.0729245693521800E-008	-1.1582967586182600	-1.1582160293725600	0.2852684110271040	0.2853289579613740
429	7.8711014551183700E-008	-1.1582957495026900	-1.1582170384881300	0.2852691678637820	0.2853282011246960
430	7.6743239187404100E-008	-1.1582947656150000	-1.1582180223758200	0.2852699057795440	0.2853274632089340
431	7.4824658207719000E-008	-1.1582938063245100	-1.1582189816663100	0.2852706252474110	0.2853267437410670
432	7.2954041752526100E-008	-1.1582928710162900	-1.1582199169745300	0.2852713267285820	0.2853260422598960
433	7.1130190708712900E-008	-1.1582919590907600	-1.1582208289000600	0.2852720106727230	0.2853253583157550
434	6.9351935940995100E-008	-1.1582910699633800	-1.1582217180274400	0.2852726775182610	0.2853246914702170
435	6.7618137542470200E-008	-1.1582902030641800	-1.1582225849266400	0.2852733276926610	0.2853240412958170
436	6.5927684103908500E-008	-1.1582893578374600	-1.1582234301533600	0.2852739616127000	0.2853234073757780
437	6.4279492001310700E-008	-1.1582885337414100	-1.1582242542494100	0.2852745796847390	0.2853227893037390
438	6.2672504701278000E-008	-1.1582877302477600	-1.1582250577430600	0.2852751823049760	0.2853221866835020
439	6.1105692083746000E-008	-1.1582869468414500	-1.1582258411493700	0.2852757698597080	0.2853215991287700
440	5.9578049781652400E-008	-1.1582861830203000	-1.1582266049705200	0.2852763427255710	0.2853210262629070
441	5.8088598537111100E-008	-1.1582854382946800	-1.1582273496961400	0.2852769012697880	0.2853204677186900
442	5.6636383573683300E-008	-1.1582847121872000	-1.1582280758036200	0.2852774458503990	0.2853199231380790
443	5.5220473984341200E-008	-1.1582840042324000	-1.1582287837584200	0.2852779768164950	0.2853193921719830
444	5.3839962134732700E-008	-1.1582833139764800	-1.1582294740143400	0.2852784945084380	0.2853188744800390
445	5.2493963081364400E-008	-1.1582826409769500	-1.1582301470138700	0.2852789992580830	0.2853183697303950
446	5.1181614004330300E-008	-1.1582819848024100	-1.1582308031884100	0.2852794913889870	0.2853178775994910
447	4.9902073654222000E-008	-1.1582813450322400	-1.1582314429585800	0.2852799712166190	0.2853173977718590
448	4.8654521812866400E-008	-1.1582807212563200	-1.1582320667345000	0.2852804390485590	0.2853169299399190
449	4.7438158767544800E-008	-1.1582801130747900	-1.1582326749160300	0.2852808951847010	0.2853164738037770
450	4.6252204798356200E-008	-1.1582795200978100	-1.1582332678930100	0.2852813399174400	0.2853160290710380
451	4.5095899678397300E-008	-1.1582789419452500	-1.1582338460455700	0.2852817735318600	0.2853155954566180
452	4.3968502186437300E-008	-1.1582783782465000	-1.1582344097443200	0.2852821963059190	0.2853151726825590
453	4.2869289631776400E-008	-1.1582778286402300	-1.1582349593505900	0.2852826085106270	0.2853147604778510
454	4.1797557390982000E-008	-1.1582772927741100	-1.1582354952167100	0.2852830104102170	0.2853143585782610
455	4.0752618456207400E-008	-1.1582767703046400	-1.1582360176861800	0.2852834022623180	0.2853139667261600
456	3.9733802994802200E-008	-1.1582762608969100	-1.1582365270939100	0.2852837843181160	0.2853135846703620
457	3.8740457919932200E-008	-1.1582757642243700	-1.1582370237664500	0.2852841568225190	0.2853132121659590
458	3.7771946471933900E-008	-1.1582752799686500	-1.1582375080221700	0.2852845200143120	0.2853128489741660
459	3.6827647810135500E-008	-1.1582748078193200	-1.1582379801715100	0.2852848741263100	0.2853124948621680
460	3.5906956614882100E-008	-1.1582743474737200	-1.1582384405171000	0.2852852193855080	0.2853121496029700
461	3.5009282699510100E-008	-1.1582738986367600	-1.1582388893540600	0.2852855560132270	0.2853118129752510
462	3.4134050632022300E-008	-1.1582734610207300	-1.1582393269700900	0.2852858842252520	0.2853114847632260
463	3.3280699366221800E-008	-1.1582730343450900	-1.1582397536457300	0.2852862042319770	0.2853111647565010
464	3.2448681882066200E-008	-1.1582726183363500	-1.1582401696544700	0.2852865162385330	0.2853108527499450
465	3.1637464835014600E-008	-1.1582722127278300	-1.1582405752629900	0.2852868204449260	0.2853105485435520
466	3.0846528214139200E-008	-1.1582718172595200	-1.1582409707313000	0.2852871170461590	0.2853102519423190
467	3.0075365008785700E-008	-1.1582714316779100	-1.1582413563129100	0.2852874062323610	0.2853099627561170
468	2.9323480883566100E-008	-1.1582710557358500	-1.1582417322549700	0.2852876881889080	0.2853096807995700
469	2.8590393861476900E-008	-1.1582706891923400	-1.1582420987984800	0.2852879630965410	0.2853094058919370
470	2.7875634014940000E-008	-1.1582703318124200	-1.1582424561784000	0.2852882311314830	0.2853091378569950
471	2.7178743164566500E-008	-1.1582699833669900	-1.1582428046238300	0.2852884924655520	0.2853088765229260
472	2.6499274585452300E-008	-1.1582696436327000	-1.1582431443581200	0.2852887472662690	0.2853086217222090
473	2.5836792720816000E-008	-1.1582693123917700	-1.1582434755990500	0.2852889956969690	0.2853083732915090
474	2.5190872902795600E-008	-1.1582689894318600	-1.1582437985589600	0.2852892379169000	0.2853081310715780
475	2.4561101080225700E-008	-1.1582686745459500	-1.1582441134448700	0.2852894740813340	0.2853078949071440
476	2.3947073553220100E-008	-1.1582683675321900	-1.1582444204586300	0.2852897043416570	0.2853076646468210
477	2.3348396714389600E-008	-1.1582680681937700	-1.1582447197970500	0.2852899288454710	0.2853074401430070
478	2.2764686796529900E-008	-1.1582677763388100	-1.1582450116520100	0.2852901477366900	0.2853072212517880
479	2.2195569626616600E-008	-1.1582674917802200	-1.1582452962106000	0.2852903611556290	0.2853070078328490
480	2.1640680385951200E-008	-1.1582672143356000	-1.1582455736552200	0.2852905692390940	0.2853067997493840
481	2.1099663376302400E-008	-1.1582669438271000	-1.1582458441637200	0.2852907721204730	0.2853065968680050
482	2.0572171791894800E-008	-1.1582666800813100	-1.1582461079095100	0.2852909699298170	0.2853063990586610
483	2.0057867497097500E-008	-1.1582664229291600	-1.1582463650616600	0.2852911627939280	0.2853062061945500
484	1.9556420809670000E-008	-1.1582661722058200	-1.1582466157850100	0.2852913508364350	0.2853060181520430
485	1.9067510289428300E-008	-1.1582659277505500	-1.1582468602402700	0.2852915341778800	0.2853058348105980
486	1.8590822532192600E-008	-1.1582656894066800	-1.1582470985841400	0.2852917129357890	0.2853056560526890
487	1.8126051968887800E-008	-1.1582654570213900	-1.1582473309694300	0.2852918872247510	0.2853054817637270
488	1.7672900669665600E-008	-1.1582652304457400	-1.1582475575450800	0.2852920571564880	0.2853053118319900
489	1.7231078152923900E-008	-1.1582650095344900	-1.1582477784563300	0.2852922228399320	0.2853051461485460
490	1.6800301199100800E-008	-1.1582647941460100	-1.1582479938448100	0.2852923843812890	0.2853049846071890
491	1.6380293669123300E-008	-1.1582645841422400	-1.1582482038485800	0.2852925418841130	0.2853048271043650
492	1.5970786327395200E-008	-1.1582643793885700	-1.1582484086022500	0.2852926954493660	0.2853046735391120
493	1.5571516669210300E-008	-1.1582641797537400	-1.1582486082370800	0.2852928451754880	0.2853045238129900
494	1.5182228752480100E-008	-1.1582639851097900	-1.1582488028810300	0.2852929911584570	0.2853043778300210
495	1.4802673033668100E-008	-1.1582637953319300	-1.1582489926588900	0.2852931334918510	0.2853042354966270
496	1.4432606207826400E-008	-1.1582636102985100	-1.1582491776923100	0.2852932722669110	0.2853040967215670
497	1.4071791052630700E-008	-1.1582634298909400	-1.1582493580998800	0.2852934075725940	0.2853039614158840
498	1.3719996276315000E-008	-1.1582632539935500	-1.1582495339972700	0.2852935394956350	0.2853038294928430
499	1.3376996369407100E-008	-1.1582630824935900	-1.1582497054972300	0.2852936681206000	0.2853037008678770
500	1.3042571460171900E-008	-1.1582629152811400	-1.1582498727096800	0.2852937935299410	0.2853035754585370
501	1.2716507173667600E-008	-1.1582627522490000	-1.1582500357418200	0.2852939158040490	0.2853034531844290
502	1.2398594494325900E-008	-1.1582625932926600	-1.1582501946981600	0.2852940350213040	0.2853033339671740
503	1.2088629631967800E-008	-1.1582624383102300	-1.1582503496805900	0.2852941512581270	0.2853032177303510
504	1.1786413891168600E-008	-1.1582622872023600	-1.1582505007884600	0.2852942645890300	0.2853031043994480
505	1.1491753543889400E-008	-1.1582621398721800	-1.1582506481186400	0.2852943750866600	0.2853029939018180
506	1.1204459705292100E-008	-1.1582619962252600	-1.1582507917655600	0.2852944828218500	0.2853028861666280
507	1.0924348212659800E-008	-1.1582618561695200	-1.1582509318213000	0.2852945878636590	0.2853027811248190
508	1.0651239507343300E-008	-1.1582617196151600	-1.1582510683756600	0.2852946902794240	0.2853026787090540
509	1.0384958519659700E-008	-1.1582615864746700	-1.1582512015161500	0.2852947901347940	0.2853025788536840
510	1.0125334556668200E-008	-1.1582614566626900	-1.1582513313281300	0.2852948874937800	0.2853024814946980
511	9.8722011927515400E-009	-1.1582613300960100	-1.1582514578948100	0.2852949824187920	0.2853023865696860
512	9.6253961629327500E-009	-1.1582612066934900	-1.1582515812973300	0.2852950749706780	0.2853022940178000
513	9.3847612588594300E-009	-1.1582610863760400	-1.1582517016147800	0.2852951652087670	0.2853022037797110
514	9.1501422273879500E-009	-1.1582609690665200	-1.1582518189243000	0.2852952531909040	0.2853021157975740
515	8.9213886717032500E-009	-1.1582608546897500	-1.1582519333010700	0.2852953389734870	0.2853020300149910
516	8.6983539549106700E-009	-1.1582607431723900	-1.1582520448184300	0.2852954226115060	0.2853019463769720
517	8.4808951060379000E-009	-1.1582606344429600	-1.1582521535478600	0.2852955041585740	0.2853018648299040
518	8.2688727283869500E-009	-1.1582605284317700	-1.1582522595590500	0.2852955836669660	0.2853017853215120
519	8.0621509101772800E-009	-1.1582604250708700	-1.1582523629199600	0.2852956611876480	0.2853017078008300
520	7.8605971374228500E-009	-1.1582603242939800	-1.1582524636968400	0.2852957367703120	0.2853016322181660
521	7.6640822089872800E-009	-1.1582602260365100	-1.1582525619543100	0.2852958104634110	0.2853015585250670
522	7.4724801537625900E-009	-1.1582601302354900	-1.1582526577553300	0.2852958823141810	0.2853014866742970
523	7.2856681499185300E-009	-1.1582600368294900	-1.1582527511613400	0.2852959523686830	0.2853014166197950
524	7.1035264461705700E-009	-1.1582599457586300	-1.1582528422321900	0.2852960206718220	0.2853013483166560
525	6.9259382850163000E-009	-1.1582598569645500	-1.1582529310262700	0.2852960872673820	0.2853012817210960
526	6.7527898278908900E-009	-1.1582597703903200	-1.1582530176005000	0.2852961521980540	0.2853012167904240
527	6.5839700821936200E-009	-1.1582596859804500	-1.1582531020103700	0.2852962155054580	0.2853011534830200
528	6.4193708301387800E-009	-1.1582596036808300	-1.1582531843100000	0.2852962772301780	0.2853010917583000
529	6.2588865593853100E-009	-1.1582595234386900	-1.1582532645521300	0.2852963374117790	0.2853010315766990
530	6.1024143954006800E-009	-1.1582594452026100	-1.1582533427882100	0.2852963960888410	0.2853009728996370
531	5.9498540355156600E-009	-1.1582593689224300	-1.1582534190683900	0.2852964532989760	0.2853009156895020
532	5.8011076846277700E-009	-1.1582592945492500	-1.1582534934415700	0.2852965090788570	0.2853008599096210
533	5.6560799925120800E-009	-1.1582592220354100	-1.1582535659554100	0.2852965634642420	0.2853008055242360
534	5.5146779926992700E-009	-1.1582591513344100	-1.1582536366564100	0.2852966164899920	0.2853007524984860
535	5.3768110428817900E-009	-1.1582590824009300	-1.1582537055898900	0.2852966681900980	0.2853007007983800
536	5.2423907668097500E-009	-1.1582590151907900	-1.1582537728000300	0.2852967185977010	0.2853006503907770
537	5.1113309976395000E-009	-1.1582589496609100	-1.1582538383299100	0.2852967677451150	0.2853006012433630
538	4.9835477226985200E-009	-1.1582588857692700	-1.1582539022215500	0.2852968156638430	0.2853005533246350
539	4.8589590296310500E-009	-1.1582588234749300	-1.1582539645159000	0.2852968623846030	0.2853005066038750
540	4.7374850538902800E-009	-1.1582587627379400	-1.1582540252528800	0.2852969079373440	0.2853004610511340
541	4.6190479275430200E-009	-1.1582587035193700	-1.1582540844714500	0.2852969523512660	0.2853004166372120
542	4.5035717293544400E-009	-1.1582586457812700	-1.1582541422095500	0.2852969956548400	0.2853003733336370
543	4.3909824361205800E-009	-1.1582585894866300	-1.1582541985041900	0.2852970378758250	0.2853003311126530
544	4.2812078752175700E-009	-1.1582585345993500	-1.1582542533914700	0.2852970790412860	0.2853002899471920
545	4.1741776783371300E-009	-1.1582584810842500	-1.1582543069065700	0.2852971191776100	0.2853002498108680
546	4.0698232363787000E-009	-1.1582584289070300	-1.1582543590837900	0.2852971583105250	0.2853002106779530
547	3.9680776554692300E-009	-1.1582583780342400	-1.1582544099565800	0.2852971964651180	0.2853001725233600
548	3.8688757140825000E-009	-1.1582583284332700	-1.1582544595575500	0.2852972336658460	0.2853001353226320
549	3.7721538212304400E-009	-1.1582582800723200	-1.1582545079185000	0.2852972699365560	0.2853000990519220
550	3.6778499756996800E-009	-1.1582582329204000	-1.1582545550704200	0.2852973053004980	0.2853000636879800
551	3.5859037263071900E-009	-1.1582581869472700	-1.1582546010435500	0.2852973397803420	0.2853000292081360
552	3.4962561331495100E-009	-1.1582581421234800	-1.1582546458673400	0.2852973733981890	0.2852999955902890
553	3.4088497298207700E-009	-1.1582580984202700	-1.1582546895705500	0.2852974061755900	0.2852999628128880
554	3.3236284865752500E-009	-1.1582580558096500	-1.1582547321811700	0.2852974381335570	0.2852999308549210
555	3.2405377744108700E-009	-1.1582580142643000	-1.1582547737265200	0.2852974692925740	0.2852998996959040
556	3.1595243300506000E-009	-1.1582579737575800	-1.1582548142332500	0.2852974996726150	0.2852998693158630
557	3.0805362217993300E-009	-1.1582579342635200	-1.1582548537273000	0.2852975292931560	0.2852998396953220
558	3.0035228162543500E-009	-1.1582578957568200	-1.1582548922340000	0.2852975581731830	0.2852998108152950
559	2.9284347458479900E-009	-1.1582578582127800	-1.1582549297780400	0.2852975863312090	0.2852997826572690
560	2.8552238772017900E-009	-1.1582578216073500	-1.1582549663834700	0.2852976137852850	0.2852997552031930
561	2.7838432802717400E-009	-1.1582577859170500	-1.1582550020737700	0.2852976405530090	0.2852997284354690
562	2.7142471982649500E-009	-1.1582577511190100	-1.1582550368718100	0.2852976666515400	0.2852997023369380
563	2.6463910183083300E-009	-1.1582577171909200	-1.1582550707999000	0.2852976920976070	0.2852996768908710
564	2.5802312428506200E-009	-1.1582576841110300	-1.1582551038797900	0.2852977169075230	0.2852996520809550
565	2.5157254617793500E-009	-1.1582576518581400	-1.1582551361326800	0.2852977410971910	0.2852996278912870
566	2.4528323252348700E-009	-1.1582576204115700	-1.1582551675792500	0.2852977646821170	0.2852996043063610
567	2.3915115171040000E-009	-1.1582575897511700	-1.1582551982396500	0.2852977876774200	0.2852995813110580
568	2.3317237291764000E-009	-1.1582575598572700	-1.1582552281335500	0.2852978100978410	0.2852995588906370
569	2.2734306359469900E-009	-1.1582575307107300	-1.1582552572800900	0.2852978319577500	0.2852995370307270
570	2.2165948700483100E-009	-1.1582575022928500	-1.1582552856979800	0.2852978532711630	0.2852995157173150
571	2.1611799982971100E-009	-1.1582574745854100	-1.1582553134054100	0.2852978740517400	0.2852994949367380
572	2.1071504983396800E-009	-1.1582574475706600	-1.1582553404201600	0.2852978943128020	0.2852994746756760
573	2.0544717358811900E-009	-1.1582574212312800	-1.1582553667595400	0.2852979140673380	0.2852994549211400
574	2.0031099424841600E-009	-1.1582573955503800	-1.1582553924404400	0.2852979333280110	0.2852994356604670
575	1.9530321939220500E-009	-1.1582573705115100	-1.1582554174793100	0.2852979521071660	0.2852994168813120
576	1.9042063890740000E-009	-1.1582573460986000	-1.1582554418922200	0.2852979704168430	0.2852993985716350
577	1.8566012293471500E-009	-1.1582573222960200	-1.1582554656948000	0.2852979882687780	0.2852993807197000
578	1.8101861986134700E-009	-1.1582572990885100	-1.1582554889023100	0.2852980056744150	0.2852993633140630
579	1.7649315436481300E-009	-1.1582572764611800	-1.1582555115296400	0.2852980226449100	0.2852993463435680
580	1.7208082550569300E-009	-1.1582572543995400	-1.1582555335912800	0.2852980391911430	0.2852993297973350
581	1.6777880486805100E-009	-1.1582572328894300	-1.1582555551013900	0.2852980553237210	0.2852993136647570
582	1.6358433474635000E-009	-1.1582572119170800	-1.1582555760737400	0.2852980710529840	0.2852992979354940
583	1.5949472637769100E-009	-1.1582571914690400	-1.1582555965217800	0.2852980863890150	0.2852992825994630
584	1.5550735821824800E-009	-1.1582571715322000	-1.1582556164586200	0.2852981013416460	0.2852992676468320
585	1.5161967426279200E-009	-1.1582571520937800	-1.1582556358970400	0.2852981159204600	0.2852992530680170
586	1.4782918240622200E-009	-1.1582571331413200	-1.1582556548495000	0.2852981301348050	0.2852992388536730
587	1.4413345284606700E-009	-1.1582571146626700	-1.1582556733281500	0.2852981439937910	0.2852992249946870
588	1.4053011652491500E-009	-1.1582570966459900	-1.1582556913448300	0.2852981575063020	0.2852992114821760
589	1.3701686361179200E-009	-1.1582570790797300	-1.1582557089110900	0.2852981706810000	0.2852991983074780
590	1.3359144202149800E-009	-1.1582570619526200	-1.1582557260382000	0.2852981835263310	0.2852991854621470
591	1.3025165597096000E-009	-1.1582570452536900	-1.1582557427371300	0.2852981960505290	0.2852991729379490
592	1.2699536457168600E-009	-1.1582570289722300	-1.1582557590185900	0.2852982082616220	0.2852991607268560
593	1.2382048045739400E-009	-1.1582570130978100	-1.1582557748930100	0.2852982201674370	0.2852991488210410
594	1.2072496844595900E-009	-1.1582569976202500	-1.1582557903705700	0.2852982317756070	0.2852991372128710
595	1.1770684423481000E-009	-1.1582569825296300	-1.1582558054611900	0.2852982430935730	0.2852991258949050
596	1.1476417312894000E-009	-1.1582569678162800	-1.1582558201745400	0.2852982541285900	0.2852991148598880
597	1.1189506880071600E-009	-1.1582569534707500	-1.1582558345200700	0.2852982648877310	0.2852991041007470
598	1.0909769208069800E-009	-1.1582569394838700	-1.1582558485069500	0.2852982753778940	0.2852990936105840
599	1.0637024977868100E-009	-1.1582569258466600	-1.1582558621441600	0.2852982856058020	0.2852990833826760
600	1.0371099353421400E-009	-1.1582569125503800	-1.1582558754404400	0.2852982955780130	0.2852990734104650
601	1.0111821869585900E-009	-1.1582568995865000	-1.1582558884043200	0.2852983053009190	0.2852990636875590
602	9.8590263228462200E-010	-1.1582568869467300	-1.1582559010440900	0.2852983147807520	0.2852990542077260
603	9.6125506647750600E-010	-1.1582568746229400	-1.1582559133678800	0.2852983240235890	0.2852990449648890
604	9.3722368981556800E-010	-1.1582568626072600	-1.1582559253835700	0.2852983330353550	0.2852990359531230
605	9.1379309757017900E-010	-1.1582568508919600	-1.1582559370988600	0.2852983418218270	0.2852990271666510
606	8.9094827013092500E-010	-1.1582568394695500	-1.1582559485212700	0.2852983503886380	0.2852990185998400
607	8.6867456337765100E-010	-1.1582568283326900	-1.1582559596581300	0.2852983587412780	0.2852990102472000
608	8.4695769929321000E-010	-1.1582568174742600	-1.1582559705165600	0.2852983668851020	0.2852990021033760
609	8.2578375681088000E-010	-1.1582568068872900	-1.1582559811035300	0.2852983748253300	0.2852989941631480
610	8.0513916289060800E-010	-1.1582567965649900	-1.1582559914258300	0.2852983825670530	0.2852989864214250
611	7.8501068381834300E-010	-1.1582567865007500	-1.1582560014900700	0.2852983901152330	0.2852989788732450
612	7.6538541672288400E-010	-1.1582567766881200	-1.1582560113027000	0.2852983974747080	0.2852989715137700
613	7.4625078130481200E-010	-1.1582567671208000	-1.1582560208700200	0.2852984046501960	0.2852989643382820
614	7.2759451177219200E-010	-1.1582567577926700	-1.1582560301981500	0.2852984116462970	0.2852989573421810
615	7.0940464897788700E-010	-1.1582567486977300	-1.1582560392930900	0.2852984184674960	0.2852989505209820
616	6.9166953275344000E-010	-1.1582567398301800	-1.1582560481606400	0.2852984251181640	0.2852989438703140
617	6.7437779443460400E-010	-1.1582567311843100	-1.1582560568065100	0.2852984316025660	0.2852989373859120
618	6.5751834957373900E-010	-1.1582567227545800	-1.1582560652362400	0.2852984379248580	0.2852989310636200
619	6.4108039083439500E-010	-1.1582567145356100	-1.1582560734552100	0.2852984440890920	0.2852989248993860
620	6.2505338106353500E-010	-1.1582567065221000	-1.1582560814687200	0.2852984500992210	0.2852989188892570
621	6.0942704653694700E-010	-1.1582566987089300	-1.1582560892818900	0.2852984559590970	0.2852989130293810
622	5.9419137037352300E-010	-1.1582566910911000	-1.1582560968997200	0.2852984616724750	0.2852989073160030
623	5.7933658611418500E-010	-1.1582566836637000	-1.1582561043271200	0.2852984672430190	0.2852989017454590
624	5.6485317146133000E-010	-1.1582566764220000	-1.1582561115688200	0.2852984726743000	0.2852988963141780
625	5.5073184217479700E-010	-1.1582566693613300	-1.1582561186294900	0.2852984779697980	0.2852988910186800
626	5.3696354612042700E-010	-1.1582566624771800	-1.1582561255136400	0.2852984831329090	0.2852988858555690
627	5.2353945746741700E-010	-1.1582566557651400	-1.1582561322256800	0.2852984881669420	0.2852988808215360
628	5.1045097103073100E-010	-1.1582566492209000	-1.1582561387699200	0.2852984930751250	0.2852988759133530
629	4.9768969675496300E-010	-1.1582566428402600	-1.1582561451505600	0.2852984978606030	0.2852988711278750
630	4.8524745433608900E-010	-1.1582566366191400	-1.1582561513716800	0.2852985025264440	0.2852988664620340
631	4.7311626797768700E-010	-1.1582566305535400	-1.1582561574372800	0.2852985070756380	0.2852988619128390
632	4.6128836127824400E-010	-1.1582566246395900	-1.1582561633512300	0.2852985115111040	0.2852988574773740
633	4.4975615224628800E-010	-1.1582566188734900	-1.1582561691173300	0.2852985158356820	0.2852988531527960
634	4.3851224844013100E-010	-1.1582566132515300	-1.1582561747392900	0.2852985200521460	0.2852988489363320
635	4.2754944222912800E-010	-1.1582566077701300	-1.1582561802206900	0.2852985241631980	0.2852988448252800
636	4.1686070617340000E-010	-1.1582566024257600	-1.1582561855650600	0.2852985281714740	0.2852988408170040
637	4.0643918851906500E-010	-1.1582565972150000	-1.1582561907758200	0.2852985320795430	0.2852988369089350
638	3.9627820880608800E-010	-1.1582565921345100	-1.1582561958563100	0.2852985358899110	0.2852988330985670
639	3.8637125358593600E-010	-1.1582565871810400	-1.1582562008097800	0.2852985396050190	0.2852988293834590
640	3.7671197224628700E-010	-1.1582565823514000	-1.1582562056394200	0.2852985432272490	0.2852988257612290
641	3.6729417294013000E-010	-1.1582565776425000	-1.1582562103483200	0.2852985467589240	0.2852988222295540
642	3.5811181861662700E-010	-1.1582565730513200	-1.1582562149395000	0.2852985502023070	0.2852988187861710
643	3.4915902315121100E-010	-1.1582565685749200	-1.1582562194159000	0.2852985535596050	0.2852988154288730
644	3.4043004757243100E-010	-1.1582565642104300	-1.1582562237803900	0.2852985568329710	0.2852988121555070
645	3.3191929638312000E-010	-1.1582565599550600	-1.1582562280357600	0.2852985600245030	0.2852988089639750
646	3.2362131397354200E-010	-1.1582565558060700	-1.1582562321847500	0.2852985631362460	0.2852988058522320
647	3.1553078112420300E-010	-1.1582565517608000	-1.1582562362300200	0.2852985661701960	0.2852988028182820
648	3.0764251159609800E-010	-1.1582565478166700	-1.1582562401741500	0.2852985691282970	0.2852987998601810
649	2.9995144880619600E-010	-1.1582565439711300	-1.1582562440196900	0.2852985720124460	0.2852987969760320
650	2.9245266258604100E-010	-1.1582565402217400	-1.1582562477690800	0.2852985748244910	0.2852987941639870
651	2.8514134602139000E-010	-1.1582565365660800	-1.1582562514247400	0.2852985775662340	0.2852987914222440
652	2.7801281237085500E-010	-1.1582565330018200	-1.1582562549890000	0.2852985802394340	0.2852987887490440
653	2.7106249206158400E-010	-1.1582565295266600	-1.1582562584641600	0.2852985828458040	0.2852987861426730
654	2.6428592976004400E-010	-1.1582565261383700	-1.1582562618524500	0.2852985853870150	0.2852987836014630
655	2.5767878151604300E-010	-1.1582565228348000	-1.1582562651560200	0.2852985878646960	0.2852987811237820
656	2.5123681197814200E-010	-1.1582565196138200	-1.1582562683770000	0.2852985902804340	0.2852987787080430
657	2.4495589167868800E-010	-1.1582565164733600	-1.1582562715174600	0.2852985926357800	0.2852987763526980
658	2.3883199438672100E-010	-1.1582565134114100	-1.1582562745794100	0.2852985949322410	0.2852987740562370
659	2.3286119452705300E-010	-1.1582565104260100	-1.1582562775648100	0.2852985971712910	0.2852987718171870
660	2.2703966466387700E-010	-1.1582565075152400	-1.1582562804755800	0.2852985993543650	0.2852987696341130
661	2.2136367304728000E-010	-1.1582565046772500	-1.1582562833135700	0.2852986014828620	0.2852987675056160
662	2.1582958122109800E-010	-1.1582565019102000	-1.1582562860806200	0.2852986035581460	0.2852987654303320
663	2.1043384169057000E-010	-1.1582564992123300	-1.1582562887784900	0.2852986055815480	0.2852987634069300
664	2.0517299564830600E-010	-1.1582564965819100	-1.1582562914089100	0.2852986075543660	0.2852987614341120
665	2.0004367075709900E-010	-1.1582564940172500	-1.1582562939735700	0.2852986094778620	0.2852987595106160
666	1.9504257898817100E-010	-1.1582564915167000	-1.1582562964741200	0.2852986113532720	0.2852987576352060
667	1.9016651451346700E-010	-1.1582564890786700	-1.1582562989121500	0.2852986131817960	0.2852987558066820
668	1.8541235165063000E-010	-1.1582564867015900	-1.1582563012892300	0.2852986149646070	0.2852987540238710
669	1.8077704285936400E-010	-1.1582564843839300	-1.1582563036068900	0.2852986167028480	0.2852987522856300
670	1.7625761678788000E-010	-1.1582564821242200	-1.1582563058666000	0.2852986183976330	0.2852987505908450
671	1.7185117636818300E-010	-1.1582564799210000	-1.1582563080698200	0.2852986200500480	0.2852987489384300
672	1.6755489695897900E-010	-1.1582564777728600	-1.1582563102179600	0.2852986216611530	0.2852987473273250
673	1.6336602453500400E-010	-1.1582564756784200	-1.1582563123124000	0.2852986232319800	0.2852987457564980
674	1.5928187392162900E-010	-1.1582564736363500	-1.1582563143544700	0.2852986247635360	0.2852987442249420
675	1.5529982707358800E-010	-1.1582564716453200	-1.1582563163455000	0.2852986262568040	0.2852987427316740
676	1.5141733139674900E-010	-1.1582564697040800	-1.1582563182867400	0.2852986277127400	0.2852987412757380
677	1.4763189811183000E-010	-1.1582564678113600	-1.1582563201794600	0.2852986291322770	0.2852987398562010
678	1.4394110065903400E-010	-1.1582564659659600	-1.1582563220248600	0.2852986305163260	0.2852987384721520
679	1.4034257314255800E-010	-1.1582564641667000	-1.1582563238241200	0.2852986318657740	0.2852987371227040
680	1.3683400881399400E-010	-1.1582564624124100	-1.1582563255784100	0.2852986331814860	0.2852987358069920
681	1.3341315859364400E-010	-1.1582564607019900	-1.1582563272888300	0.2852986344643050	0.2852987345241730
682	1.3007782962880300E-010	-1.1582564590343300	-1.1582563289565000	0.2852986357150530	0.2852987332734250
683	1.2682588388808300E-010	-1.1582564574083500	-1.1582563305824700	0.2852986369345330	0.2852987320539450
684	1.2365523679088100E-010	-1.1582564558230300	-1.1582563321677900	0.2852986381235250	0.2852987308649530
685	1.2056385587110900E-010	-1.1582564542773400	-1.1582563337134800	0.2852986392827930	0.2852987297056850
686	1.1754975947433100E-010	-1.1582564527702900	-1.1582563352205300	0.2852986404130790	0.2852987285753990
687	1.1461101548747300E-010	-1.1582564513009200	-1.1582563366899000	0.2852986415151080	0.2852987274733700
688	1.1174574010028600E-010	-1.1582564498682800	-1.1582563381225400	0.2852986425895860	0.2852987263988920
689	1.0895209659777900E-010	-1.1582564484714600	-1.1582563395193600	0.2852986436372030	0.2852987253512750
690	1.0622829418283500E-010	-1.1582564471095600	-1.1582563408812600	0.2852986446586290	0.2852987243298490
691	1.0357258682826400E-010	-1.1582564457817000	-1.1582563422091200	0.2852986456545190	0.2852987233339590
692	1.0098327215755700E-010	-1.1582564444870500	-1.1582563435037700	0.2852986466255120	0.2852987223629660
693	9.8458690353618200E-011	-1.1582564432247600	-1.1582563447660600	0.2852986475722300	0.2852987214162480
694	9.5997223094777800E-011	-1.1582564419940200	-1.1582563459968000	0.2852986484952800	0.2852987204931980
695	9.3597292517408300E-011	-1.1582564407940600	-1.1582563471967600	0.2852986493952540	0.2852987195932240
696	9.1257360204473100E-011	-1.1582564396240900	-1.1582563483667300	0.2852986502727290	0.2852987187157490
697	8.8975926199361300E-011	-1.1582564384833700	-1.1582563495074500	0.2852986511282670	0.2852987178602110
698	8.6751528044377200E-011	-1.1582564373711700	-1.1582563506196500	0.2852986519624160	0.2852987170260620
699	8.4582739843267800E-011	-1.1582564362867800	-1.1582563517040400	0.2852986527757120	0.2852987162127660
700	8.2468171347186100E-011	-1.1582564352295000	-1.1582563527613200	0.2852986535686750	0.2852987154198030
701	8.0406467063506400E-011	-1.1582564341986400	-1.1582563537921800	0.2852986543418140	0.2852987146466640
702	7.8396305386918800E-011	-1.1582564331935600	-1.1582563547972600	0.2852986550956240	0.2852987138928540
703	7.6436397752245800E-011	-1.1582564322136100	-1.1582563557772100	0.2852986558305900	0.2852987131578880
704	7.4525487808439700E-011	-1.1582564312581500	-1.1582563567326700	0.2852986565471810	0.2852987124412970
705	7.2662350613228700E-011	-1.1582564303265900	-1.1582563576642300	0.2852986572458570	0.2852987117426200
706	7.0845791847898000E-011	-1.1582564294183100	-1.1582563585725100	0.2852986579270670	0.2852987110614110
707	6.9074647051700500E-011	-1.1582564285327300	-1.1582563594580900	0.2852986585912460	0.2852987103972320
708	6.7347780875408000E-011	-1.1582564276693000	-1.1582563603215200	0.2852986592388210	0.2852987097496570
709	6.5664086353522800E-011	-1.1582564268274500	-1.1582563611633700	0.2852986598702070	0.2852987091182710
710	6.4022484194684700E-011	-1.1582564260066500	-1.1582563619841700	0.2852986604858070	0.2852987085026710
711	6.2421922089817600E-011	-1.1582564252063700	-1.1582563627844500	0.2852986610860180	0.2852987079024600
712	6.0861374037572200E-011	-1.1582564244261000	-1.1582563635647200	0.2852986616712240	0.2852987073172540
713	5.9339839686632900E-011	-1.1582564236653300	-1.1582563643254900	0.2852986622417990	0.2852987067466790
714	5.7856343694467000E-011	-1.1582564229235800	-1.1582563650672400	0.2852986627981100	0.2852987061903680
715	5.6409935102105400E-011	-1.1582564222003800	-1.1582563657904400	0.2852986633405130	0.2852987056479650
716	5.4999686724552700E-011	-1.1582564214952500	-1.1582563664955700	0.2852986638693560	0.2852987051191210
717	5.3624694556438900E-011	-1.1582564208077600	-1.1582563671830600	0.2852986643849780	0.2852987046034990
718	5.2284077192527900E-011	-1.1582564201374500	-1.1582563678533700	0.2852986648877100	0.2852987041007680
719	5.0976975262714700E-011	-1.1582564194839000	-1.1582563685069200	0.2852986653778730	0.2852987036106050
720	4.9702550881146900E-011	-1.1582564188466900	-1.1582563691441300	0.2852986658557820	0.2852987031326960
721	4.8459987109118200E-011	-1.1582564182254000	-1.1582563697654200	0.2852986663217440	0.2852987026667340
722	4.7248487431390200E-011	-1.1582564176196500	-1.1582563703711700	0.2852986667760560	0.2852987022124220
723	4.6067275245605500E-011	-1.1582564170290500	-1.1582563709617700	0.2852986672190110	0.2852987017694670
724	4.4915593364465300E-011	-1.1582564164532100	-1.1582563715376100	0.2852986676508910	0.2852987013375860
725	4.3792703530353700E-011	-1.1582564158917600	-1.1582563720990600	0.2852986680719750	0.2852987009165030
726	4.2697885942094900E-011	-1.1582564153443500	-1.1582563726464700	0.2852986684825320	0.2852987005059460
727	4.1630438793542500E-011	-1.1582564148106300	-1.1582563731801900	0.2852986688828240	0.2852987001056540
728	4.0589677823703900E-011	-1.1582564142902500	-1.1582563737005700	0.2852986692731100	0.2852986997153680
729	3.9574935878111300E-011	-1.1582564137828800	-1.1582563742079400	0.2852986696536380	0.2852986993348400
730	3.8585562481158500E-011	-1.1582564132881900	-1.1582563747026300	0.2852986700246530	0.2852986989638250
731	3.7620923419129600E-011	-1.1582564128058700	-1.1582563751849500	0.2852986703863930	0.2852986986020850
732	3.6680400333651300E-011	-1.1582564123356100	-1.1582563756552100	0.2852986707390890	0.2852986982493890
733	3.5763390325310000E-011	-1.1582564118771100	-1.1582563761137100	0.2852986710829680	0.2852986979055100
734	3.4869305567177300E-011	-1.1582564114300600	-1.1582563765607600	0.2852986714182490	0.2852986975702290
735	3.3997572927997900E-011	-1.1582564109942000	-1.1582563769966200	0.2852986717451490	0.2852986972433290
736	3.3147633604797900E-011	-1.1582564105692300	-1.1582563774215900	0.2852986720638760	0.2852986969246020
737	3.2318942764678000E-011	-1.1582564101548800	-1.1582563778359400	0.2852986723746350	0.2852986966138430
738	3.1510969195561000E-011	-1.1582564097508900	-1.1582563782399300	0.2852986726776260	0.2852986963108520
739	3.0723194965672000E-011	-1.1582564093570100	-1.1582563786338100	0.2852986729730410	0.2852986960154370
740	2.9955115091530200E-011	-1.1582564089729700	-1.1582563790178500	0.2852986732610710	0.2852986957274070
741	2.9206237214241900E-011	-1.1582564085985300	-1.1582563793922900	0.2852986735419000	0.2852986954465780
742	2.8476081283885900E-011	-1.1582564082334500	-1.1582563797573700	0.2852986738157080	0.2852986951727690
743	2.7764179251788700E-011	-1.1582564078775000	-1.1582563801133200	0.2852986740826720	0.2852986949058060
744	2.7070074770494000E-011	-1.1582564075304500	-1.1582563804603700	0.2852986743429610	0.2852986946455170
745	2.6393322901231700E-011	-1.1582564071920700	-1.1582563807987500	0.2852986745967430	0.2852986943917350
746	2.5733489828700900E-011	-1.1582564068621600	-1.1582563811286700	0.2852986748441800	0.2852986941442980
747	2.5090152582983300E-011	-1.1582564065404900	-1.1582563814503300	0.2852986750854320	0.2852986939030460
748	2.4462898768408800E-011	-1.1582564062268600	-1.1582563817639600	0.2852986753206520	0.2852986936678260
749	2.3851326299198500E-011	-1.1582564059210700	-1.1582563820697500	0.2852986755499920	0.2852986934384860
750	2.3255043141718600E-011	-1.1582564056229300	-1.1582563823678900	0.2852986757735980	0.2852986932148800
751	2.2673667063175600E-011	-1.1582564053322400	-1.1582563826585800	0.2852986759916140	0.2852986929968640
752	2.2106825386596200E-011	-1.1582564050488200	-1.1582563829420000	0.2852986762041790	0.2852986927842980
753	2.1554154751931300E-011	-1.1582564047724900	-1.1582563832183300	0.2852986764114310	0.2852986925770470
754	2.1015300883133000E-011	-1.1582564045030600	-1.1582563834877600	0.2852986766135010	0.2852986923749770
755	2.0489918361054700E-011	-1.1582564042403700	-1.1582563837504500	0.2852986768105200	0.2852986921779580
756	1.9977670402028300E-011	-1.1582564039842500	-1.1582563840065800	0.2852986770026130	0.2852986919858650
757	1.9478228641977600E-011	-1.1582564037345200	-1.1582563842563000	0.2852986771899030	0.2852986917985750
758	1.8991272925928200E-011	-1.1582564034910500	-1.1582563844997700	0.2852986773725120	0.2852986916159660
759	1.8516491102780000E-011	-1.1582564032536600	-1.1582563847371600	0.2852986775505550	0.2852986914379230
760	1.8053578825210500E-011	-1.1582564030222000	-1.1582563849686200	0.2852986777241470	0.2852986912643310
761	1.7602239354580200E-011	-1.1582564027965300	-1.1582563851942900	0.2852986778933990	0.2852986910950790
762	1.7162183370715700E-011	-1.1582564025765000	-1.1582563854143200	0.2852986780584200	0.2852986909300580
763	1.6733128786447800E-011	-1.1582564023619700	-1.1582563856288500	0.2852986782193160	0.2852986907691620
764	1.6314800566786600E-011	-1.1582564021528100	-1.1582563858380100	0.2852986783761890	0.2852986906122890
765	1.5906930552617000E-011	-1.1582564019488800	-1.1582563860419400	0.2852986785291400	0.2852986904593380
766	1.5509257288801500E-011	-1.1582564017500400	-1.1582563862407800	0.2852986786782670	0.2852986903102100
767	1.5121525856581500E-011	-1.1582564015561700	-1.1582563864346500	0.2852986788236670	0.2852986901648110
768	1.4743487710167000E-011	-1.1582564013671500	-1.1582563866236700	0.2852986789654310	0.2852986900230470
769	1.4374900517412800E-011	-1.1582564011828600	-1.1582563868079600	0.2852986791036510	0.2852986898848270
770	1.4015528004477500E-011	-1.1582564010031700	-1.1582563869876500	0.2852986792384160	0.2852986897500620
771	1.3665139804365500E-011	-1.1582564008279800	-1.1582563871628400	0.2852986793698120	0.2852986896186660
772	1.3323511309256400E-011	-1.1582564006571700	-1.1582563873336500	0.2852986794979220	0.2852986894905560
773	1.2990423526525000E-011	-1.1582564004906200	-1.1582563875002000	0.2852986796228300	0.2852986893656480
774	1.2665662938361900E-011	-1.1582564003282400	-1.1582563876625800	0.2852986797446150	0.2852986892438630
775	1.2349021364902800E-011	-1.1582564001699200	-1.1582563878209000	0.2852986798633560	0.2852986891251220
776	1.2040295830780200E-011	-1.1582564000155600	-1.1582563879752600	0.2852986799791280	0.2852986890093500
777	1.1739288435010700E-011	-1.1582563998650500	-1.1582563881257700	0.2852986800920060	0.2852986888964720
778	1.1445806224135500E-011	-1.1582563997183100	-1.1582563882725100	0.2852986802020620	0.2852986887864160
779	1.1159661068532100E-011	-1.1582563995752400	-1.1582563884155800	0.2852986803093660	0.2852986886791120
780	1.0880669541818800E-011	-1.1582563994357400	-1.1582563885550800	0.2852986804139880	0.2852986885744900
781	1.0608652803273300E-011	-1.1582563992997400	-1.1582563886910800	0.2852986805159940	0.2852986884724840
782	1.0343436483191500E-011	-1.1582563991671300	-1.1582563888236900	0.2852986806154500	0.2852986883730280
783	1.0084850571111700E-011	-1.1582563990378400	-1.1582563889529800	0.2852986807124200	0.2852986882760580
784	9.8327293068339000E-012	-1.1582563989117700	-1.1582563890790500	0.2852986808069660	0.2852986881815120
785	9.5869110741630500E-012	-1.1582563987888700	-1.1582563892019500	0.2852986808991470	0.2852986880893310
786	9.3472382973089700E-012	-1.1582563986690300	-1.1582563893217900	0.2852986809890250	0.2852986879994530
787	9.1135573398762500E-012	-1.1582563985521900	-1.1582563894386300	0.2852986810766550	0.2852986879118230
788	8.8857184063793400E-012	-1.1582563984382700	-1.1582563895525500	0.2852986811620950	0.2852986878263830
789	8.6635754462198600E-012	-1.1582563983272000	-1.1582563896636200	0.2852986812453980	0.2852986877430800
790	8.4469860600643600E-012	-1.1582563982189000	-1.1582563897719200	0.2852986813266190	0.2852986876618590
791	8.2358114085627500E-012	-1.1582563981133200	-1.1582563898775000	0.2852986814058100	0.2852986875826680
792	8.0299161233486800E-012	-1.1582563980103700	-1.1582563899804500	0.2852986814830200	0.2852986875054580
793	7.8291682202649600E-012	-1.1582563979099900	-1.1582563900808300	0.2852986815583010	0.2852986874301770
794	7.6334390147583400E-012	-1.1582563978121300	-1.1582563901786900	0.2852986816316990	0.2852986873567790
795	7.4426030393893800E-012	-1.1582563977167100	-1.1582563902741100	0.2852986817032630	0.2852986872852150
796	7.2565379634046500E-012	-1.1582563976236800	-1.1582563903671400	0.2852986817730370	0.2852986872154410
797	7.0751245143195300E-012	-1.1582563975329700	-1.1582563904578500	0.2852986818410670	0.2852986871474110
798	6.8982464014615400E-012	-1.1582563974445300	-1.1582563905462900	0.2852986819073970	0.2852986870810810
799	6.7257902414250000E-012	-1.1582563973583100	-1.1582563906325200	0.2852986819720680	0.2852986870164100
800	6.5576454853893800E-012	-1.1582563972742300	-1.1582563907165900	0.2852986820351220	0.2852986869533560
